6.666666666666666297e-01
2.000000000000000111e-01
4.166666666666666852e-01
1.000000000000000000e+00
3.333333333333333148e-01
5.000000000000000000e-01
4.166666666666666852e-01
5.000000000000000000e-01
1.666666666666666574e-01
2.500000000000000000e-01
3.333333333333333148e-01
5.000000000000000000e-01
8.333333333333333703e-01
1.000000000000000000e+00
2.500000000000000000e-01
1.666666666666666574e-01
1.000000000000000056e-01
6.666666666666666297e-01
2.500000000000000000e-01
4.166666666666666852e-01
1.000000000000000000e+00
2.500000000000000000e-01
4.166666666666666852e-01
2.500000000000000000e-01
1.000000000000000000e+00
4.166666666666666852e-01
4.166666666666666852e-01
2.500000000000000000e-01
3.333333333333333148e-01
1.000000000000000056e-01
5.000000000000000000e-01
2.333333333333333370e-01
8.333333333333332871e-02
6.666666666666666297e-01
8.333333333333332871e-02
3.333333333333333148e-01
1.666666666666666574e-01
1.125000000000000028e-01
3.333333333333333148e-01
1.000000000000000000e+00
8.333333333333332871e-02
8.333333333333332871e-02
3.333333333333333148e-01
5.000000000000000000e-01
1.000000000000000000e+00
8.333333333333332871e-02
3.333333333333333148e-01
5.000000000000000278e-02
1.666666666666666574e-01
3.333333333333333148e-01
3.333333333333333148e-01
2.000000000000000111e-01
4.166666666666666852e-01
1.666666666666666574e-01
6.666666666666666297e-01
1.000000000000000000e+00
3.333333333333333148e-01
1.666666666666666574e-01
1.666666666666666574e-01
1.000000000000000000e+00
7.500000000000000000e-01
3.333333333333333148e-01
3.333333333333333148e-01
1.000000000000000000e+00
1.666666666666666574e-01
1.000000000000000000e+00
4.166666666666666852e-01
2.500000000000000000e-01
1.666666666666666574e-01
3.333333333333333148e-01
6.666666666666666297e-01
1.166666666666666685e-01
6.666666666666666297e-01
1.666666666666666574e-01
2.500000000000000000e-01
6.666666666666666574e-02
3.333333333333333148e-01
3.333333333333333148e-01
6.666666666666666297e-01
1.666666666666666574e-01
3.333333333333333148e-01
5.000000000000000000e-01
3.333333333333333148e-01
3.333333333333333148e-01
1.666666666666666574e-01
1.666666666666666574e-01
3.333333333333333148e-01
5.833333333333333703e-01
3.333333333333333148e-01
2.000000000000000111e-01
2.500000000000000000e-01
3.333333333333333148e-01
2.500000000000000000e-01
3.333333333333333287e-02
3.333333333333333148e-01
1.000000000000000000e+00
8.333333333333333703e-01
2.500000000000000000e-01
3.333333333333333148e-01
5.000000000000000000e-01
5.000000000000000278e-02
2.500000000000000000e-01
4.166666666666666852e-01
2.500000000000000000e-01
5.000000000000000000e-01
3.333333333333333148e-01
8.333333333333332871e-02
3.333333333333333148e-01
3.333333333333333148e-01
5.833333333333333703e-01
8.333333333333332871e-02
6.666666666666666297e-01
1.666666666666666574e-01
2.500000000000000000e-01
3.333333333333333148e-01
6.666666666666666297e-01
1.666666666666666574e-01
1.666666666666666574e-01
3.333333333333333148e-01
2.500000000000000000e-01
8.333333333333332871e-02
5.000000000000000000e-01
5.000000000000000000e-01
3.333333333333333148e-01
5.000000000000000000e-01
3.333333333333333148e-01
5.000000000000000000e-01
2.000000000000000111e-01
1.000000000000000000e+00
8.333333333333333703e-01
5.000000000000000000e-01
6.666666666666666297e-01
8.333333333333332871e-02
1.666666666666666574e-01
1.666666666666666574e-01
1.666666666666666574e-01
2.500000000000000000e-01
1.000000000000000000e+00
1.000000000000000000e+00
3.333333333333333148e-01
3.333333333333333148e-01
5.000000000000000000e-01
2.000000000000000111e-01
1.000000000000000000e+00
5.000000000000000000e-01
1.666666666666666574e-01
4.166666666666666852e-01
1.666666666666666574e-01
4.166666666666666852e-01
5.000000000000000000e-01
1.666666666666666574e-01
2.500000000000000000e-01
5.000000000000000000e-01
2.500000000000000000e-01
2.000000000000000111e-01
8.333333333333333703e-01
3.333333333333333148e-01
1.000000000000000000e+00
1.666666666666666574e-01
4.000000000000000222e-01
2.500000000000000000e-01
4.166666666666666852e-01
1.000000000000000000e+00
2.500000000000000000e-01
3.333333333333333148e-01
3.333333333333333148e-01
1.166666666666666685e-01
3.333333333333333148e-01
3.333333333333333148e-01
3.333333333333333148e-01
3.333333333333333148e-01
2.500000000000000000e-01
3.333333333333333148e-01
2.333333333333333370e-01
5.000000000000000000e-01
2.000000000000000111e-01
8.333333333333332871e-02
1.166666666666666685e-01
8.333333333333332871e-02
8.333333333333333703e-01
4.166666666666666852e-01
5.833333333333333703e-01
3.333333333333333148e-01
2.000000000000000111e-01
3.333333333333333148e-01
1.666666666666666574e-01
1.000000000000000000e+00
2.500000000000000000e-01
8.333333333333332871e-02
1.166666666666666685e-01
1.666666666666666574e-01
2.500000000000000000e-01
2.500000000000000000e-01
2.000000000000000111e-01
4.166666666666666852e-01
8.333333333333332871e-02
5.000000000000000000e-01
3.333333333333333148e-01
2.000000000000000111e-01
1.666666666666666574e-01
5.000000000000000278e-02
2.000000000000000111e-01
4.166666666666666852e-01
6.666666666666666297e-01
3.333333333333333148e-01
3.333333333333333148e-01
4.166666666666666852e-01
3.333333333333333148e-01
3.333333333333333148e-01
3.333333333333333148e-01
2.500000000000000000e-01
3.333333333333333148e-01
2.500000000000000000e-01
8.333333333333332871e-02
1.166666666666666685e-01
2.500000000000000000e-01
8.333333333333332871e-02
2.000000000000000111e-01
1.666666666666666574e-01
2.000000000000000111e-01
1.666666666666666574e-01
3.333333333333333148e-01
8.333333333333333703e-01
3.333333333333333148e-01
8.333333333333333218e-03
8.333333333333332871e-02
2.500000000000000000e-01
5.000000000000000000e-01
3.333333333333333148e-01
1.000000000000000000e+00
6.666666666666666297e-01
5.000000000000000000e-01
1.666666666666666644e-02
2.500000000000000000e-01
5.000000000000000000e-01
2.166666666666666741e-01
5.000000000000000000e-01
8.333333333333332871e-02
2.333333333333333440e-02
3.333333333333333148e-01
2.000000000000000111e-01
2.500000000000000000e-01
1.000000000000000000e+00
1.333333333333333315e-01
2.500000000000000000e-01
2.500000000000000000e-01
1.000000000000000000e+00
1.000000000000000000e+00
6.666666666666666297e-01
3.333333333333333148e-01
1.000000000000000000e+00
1.166666666666666685e-01
3.333333333333333148e-01
1.666666666666666574e-01
3.333333333333333148e-01
1.666666666666666574e-01
2.500000000000000000e-01
2.500000000000000000e-01
5.000000000000000000e-01
1.666666666666666574e-01
3.333333333333333148e-01
8.333333333333333703e-01
3.333333333333333148e-01
4.166666666666666852e-01
2.000000000000000111e-01
1.000000000000000000e+00
8.333333333333333703e-01
4.166666666666666852e-01
1.666666666666666574e-01
8.333333333333332871e-02
5.000000000000000278e-02
2.500000000000000000e-01
2.500000000000000000e-01
3.333333333333333148e-01
2.000000000000000111e-01
3.333333333333333148e-01
2.000000000000000111e-01
3.333333333333333148e-01
2.500000000000000000e-01
2.500000000000000000e-01
4.166666666666666852e-01
2.500000000000000000e-01
2.000000000000000111e-01
5.000000000000000000e-01
3.333333333333333148e-01
2.500000000000000000e-01
2.500000000000000000e-01
5.833333333333333703e-01
2.000000000000000111e-01
2.166666666666666741e-01
1.000000000000000000e+00
6.666666666666666297e-01
1.666666666666666574e-01
3.333333333333333148e-01
5.000000000000000000e-01
1.333333333333333315e-01
6.666666666666666297e-01
2.500000000000000000e-01
2.500000000000000139e-02
5.000000000000000000e-01
1.666666666666666574e-01
2.166666666666666741e-01
2.166666666666666741e-01
6.666666666666666297e-01
6.666666666666666297e-01
6.666666666666666297e-01
2.500000000000000000e-01
1.000000000000000000e+00
1.000000000000000000e+00
2.500000000000000000e-01
8.333333333333333703e-01
1.666666666666666574e-01
6.666666666666666297e-01
1.666666666666666574e-01
2.500000000000000000e-01
5.833333333333333703e-01
5.000000000000000000e-01
1.666666666666666644e-02
1.666666666666666574e-01
3.333333333333333148e-01
5.000000000000000278e-02
5.000000000000000000e-01
2.500000000000000000e-01
3.333333333333333148e-01
2.500000000000000000e-01
5.000000000000000000e-01
1.666666666666666574e-01
1.666666666666666574e-01
3.333333333333333148e-01
1.666666666666666574e-01
1.666666666666666574e-01
1.666666666666666574e-01
2.000000000000000111e-01
2.500000000000000000e-01
3.333333333333333148e-01
8.333333333333332871e-02
5.000000000000000000e-01
2.166666666666666741e-01
1.000000000000000000e+00
7.500000000000000000e-01
2.500000000000000000e-01
8.333333333333333703e-01
3.333333333333333148e-01
3.333333333333333148e-01
4.166666666666666852e-01
2.500000000000000000e-01
1.666666666666666574e-01
1.666666666666666574e-01
3.333333333333333148e-01
3.333333333333333148e-01
8.333333333333333703e-01
2.500000000000000000e-01
2.500000000000000000e-01
1.000000000000000000e+00
3.333333333333333148e-01
2.000000000000000111e-01
1.499999999999999944e-01
1.000000000000000000e+00
2.500000000000000000e-01
5.000000000000000000e-01
1.666666666666666574e-01
4.666666666666666741e-01
3.333333333333333148e-01
1.666666666666666574e-01
2.500000000000000000e-01
1.666666666666666574e-01
3.333333333333333148e-01
2.000000000000000111e-01
1.000000000000000000e+00
8.333333333333332871e-02
8.333333333333333703e-01
3.333333333333333547e-03
3.333333333333333148e-01
2.833333333333333259e-01
5.000000000000000000e-01
3.333333333333333148e-01
5.000000000000000000e-01
1.666666666666666644e-02
3.333333333333333148e-01
2.500000000000000000e-01
1.499999999999999944e-01
3.333333333333333148e-01
8.333333333333332871e-02
5.833333333333333703e-01
2.500000000000000000e-01
1.666666666666666574e-01
8.333333333333332871e-02
5.000000000000000000e-01
8.333333333333333703e-01
2.500000000000000000e-01
3.333333333333333148e-01
1.000000000000000056e-01
6.666666666666666574e-02
8.333333333333333703e-01
1.666666666666666574e-01
6.666666666666666297e-01
2.000000000000000111e-01
5.000000000000000000e-01
5.000000000000000000e-01
3.333333333333333148e-01
1.000000000000000000e+00
2.500000000000000000e-01
1.666666666666666574e-01
1.000000000000000000e+00
1.000000000000000000e+00
1.666666666666666574e-01
1.000000000000000000e+00
5.000000000000000000e-01
5.000000000000000000e-01
6.666666666666666297e-01
1.333333333333333315e-01
1.666666666666666574e-01
1.666666666666666574e-01
1.666666666666666574e-01
2.500000000000000000e-01
6.666666666666666297e-01
1.000000000000000000e+00
4.166666666666666852e-01
1.000000000000000000e+00
8.333333333333333703e-01
2.500000000000000000e-01
8.333333333333332871e-02
1.000000000000000000e+00
5.000000000000000000e-01
5.000000000000000000e-01
5.000000000000000000e-01
3.333333333333333148e-01
5.000000000000000278e-02
5.000000000000000000e-01
2.500000000000000000e-01
1.666666666666666644e-02
5.833333333333333703e-01
5.000000000000000000e-01
5.000000000000000000e-01
1.250000000000000000e-01
2.500000000000000000e-01
8.333333333333333703e-01
2.000000000000000111e-01
2.500000000000000000e-01
1.666666666666666644e-02
4.166666666666666852e-01
3.333333333333333148e-01
7.500000000000000000e-01
5.000000000000000000e-01
1.000000000000000000e+00
3.333333333333333148e-01
7.500000000000000000e-01
1.000000000000000000e+00
3.333333333333333148e-01
2.500000000000000000e-01
3.333333333333333148e-01
1.666666666666666574e-01
3.333333333333333148e-01
1.000000000000000000e+00
2.500000000000000000e-01
5.999999999999999778e-01
2.500000000000000000e-01
3.333333333333333148e-01
4.166666666666666852e-01
2.833333333333333259e-01
1.666666666666666574e-01
1.000000000000000000e+00
3.333333333333333148e-01
3.333333333333333148e-01
1.666666666666666574e-01
5.000000000000000000e-01
2.500000000000000000e-01
1.666666666666666574e-01
1.000000000000000000e+00
2.000000000000000111e-01
6.666666666666666297e-01
6.666666666666666297e-01
2.500000000000000000e-01
2.500000000000000139e-02
1.666666666666666644e-02
2.500000000000000000e-01
1.666666666666666574e-01
3.333333333333333148e-01
2.500000000000000000e-01
2.500000000000000000e-01
1.000000000000000000e+00
3.333333333333333148e-01
5.000000000000000000e-01
1.666666666666666574e-01
2.500000000000000000e-01
1.666666666666666574e-01
4.166666666666666852e-01
5.833333333333333703e-01
5.000000000000000000e-01
3.333333333333333148e-01
2.500000000000000000e-01
1.666666666666666574e-01
4.166666666666666852e-01
2.500000000000000000e-01
6.666666666666666297e-01
6.666666666666666297e-01
1.666666666666666574e-01
6.666666666666666297e-01
2.500000000000000000e-01
2.000000000000000111e-01
3.333333333333333148e-01
1.666666666666666574e-01
5.000000000000000000e-01
5.000000000000000000e-01
3.333333333333333148e-01
1.166666666666666685e-01
2.000000000000000111e-01
5.000000000000000000e-01
2.500000000000000000e-01
1.166666666666666685e-01
5.000000000000000000e-01
5.000000000000000000e-01
1.166666666666666685e-01
1.666666666666666574e-01
4.166666666666666852e-01
6.666666666666666297e-01
3.333333333333333148e-01
1.666666666666666574e-01
4.166666666666666852e-01
1.666666666666666574e-01
3.333333333333333148e-01
1.666666666666666574e-01
2.500000000000000000e-01
5.833333333333333703e-01
3.333333333333333148e-01
3.333333333333333148e-01
3.333333333333333148e-01
3.333333333333333148e-01
2.500000000000000000e-01
1.666666666666666574e-01
2.000000000000000111e-01
8.333333333333333703e-01
1.666666666666666574e-01
3.333333333333333148e-01
3.333333333333333148e-01
5.833333333333333703e-01
6.666666666666666297e-01
2.500000000000000000e-01
1.666666666666666574e-01
5.000000000000000278e-02
1.666666666666666574e-01
2.000000000000000111e-01
5.000000000000000000e-01
1.000000000000000000e+00
1.000000000000000000e+00
1.666666666666666574e-01
2.000000000000000111e-01
3.333333333333333148e-01
1.666666666666666574e-01
8.333333333333332871e-02
1.000000000000000000e+00
1.000000000000000000e+00
2.500000000000000000e-01
3.333333333333333148e-01
1.000000000000000000e+00
2.500000000000000000e-01
8.333333333333333703e-01
6.666666666666666297e-01
1.333333333333333315e-01
1.000000000000000000e+00
2.500000000000000000e-01
1.666666666666666574e-01
2.000000000000000111e-01
1.666666666666666574e-01
2.000000000000000111e-01
2.500000000000000000e-01
5.000000000000000000e-01
3.333333333333333148e-01
5.000000000000000000e-01
2.500000000000000000e-01
6.666666666666666574e-02
8.333333333333333703e-01
1.166666666666666685e-01
5.000000000000000000e-01
3.333333333333333148e-01
8.333333333333332871e-02
8.333333333333332871e-02
2.500000000000000000e-01
1.666666666666666574e-01
8.333333333333332871e-02
2.500000000000000000e-01
5.000000000000000000e-01
1.000000000000000000e+00
2.500000000000000000e-01
3.333333333333333148e-01
5.000000000000000000e-01
3.333333333333333148e-01
1.666666666666666574e-01
5.000000000000000000e-01
2.500000000000000000e-01
3.333333333333333287e-02
1.000000000000000000e+00
1.666666666666666574e-01
6.666666666666666297e-01
8.333333333333332871e-02
1.666666666666666574e-01
6.666666666666666574e-02
1.333333333333333315e-01
2.000000000000000111e-01
1.000000000000000000e+00
4.166666666666666852e-01
2.500000000000000000e-01
3.333333333333333148e-01
1.000000000000000000e+00
3.333333333333333148e-01
1.000000000000000000e+00
2.500000000000000000e-01
3.333333333333333148e-01
6.666666666666666574e-02
6.666666666666666574e-02
3.333333333333333148e-01
4.166666666666666435e-02
3.333333333333333148e-01
8.333333333333333703e-01
1.499999999999999944e-01
3.333333333333333148e-01
2.500000000000000000e-01
2.500000000000000000e-01
1.166666666666666685e-01
3.333333333333333148e-01
3.333333333333333287e-02
5.000000000000000000e-01
5.000000000000000000e-01
1.666666666666666574e-01
8.333333333333333703e-01
2.500000000000000000e-01
2.000000000000000111e-01
1.000000000000000000e+00
1.000000000000000000e+00
1.666666666666666574e-01
4.166666666666666852e-01
1.666666666666666574e-01
5.000000000000000000e-01
1.666666666666666574e-01
2.500000000000000000e-01
5.000000000000000278e-02
2.000000000000000111e-01
1.666666666666666574e-01
2.000000000000000111e-01
5.833333333333333703e-01
6.666666666666666297e-01
5.000000000000000000e-01
4.166666666666666852e-01
8.333333333333333703e-01
8.333333333333333703e-01
8.333333333333332871e-02
2.500000000000000000e-01
1.166666666666666685e-01
5.000000000000000000e-01
2.500000000000000000e-01
1.000000000000000000e+00
1.666666666666666574e-01
2.500000000000000000e-01
5.000000000000000000e-01
2.000000000000000111e-01
8.333333333333333703e-01
5.000000000000000000e-01
1.666666666666666574e-01
2.000000000000000111e-01
2.500000000000000000e-01
4.166666666666666852e-01
6.666666666666666297e-01
1.666666666666666574e-01
3.333333333333333148e-01
5.166666666666667185e-01
1.666666666666666574e-01
3.333333333333333148e-01
1.666666666666666574e-01
3.333333333333333148e-01
2.500000000000000000e-01
2.500000000000000000e-01
